   3.7500000e+03   4.8680000e+02
   3.7750000e+03   4.6590000e+02
   3.9750000e+03   3.1025000e+02
   4.0000000e+03   2.9215000e+02
   4.0250000e+03   2.7490000e+02
   4.1500000e+03   1.9215000e+02
   4.1750000e+03   1.7770000e+02
   4.1800000e+03   1.7440000e+02
   4.2000000e+03   1.6350000e+02
   4.2300000e+03   1.4645000e+02
   4.2500000e+03   1.3655000e+02
   4.2700000e+03   1.2670000e+02
   4.2750000e+03   1.2370000e+02
   4.3250000e+03   1.0130000e+02
   4.3300000e+03   9.9250000e+01
   4.3500000e+03   9.1000000e+01
   4.3700000e+03   8.2800000e+01
   4.3900000e+03   7.5500000e+01
   4.4200000e+03   6.5450000e+01
   4.4250000e+03   6.3850000e+01
   4.4300000e+03   6.2300000e+01
   4.4750000e+03   4.9750000e+01
   4.4800000e+03   4.8450000e+01
   4.5000000e+03   4.3250000e+01
   4.5250000e+03   3.7650000e+01
   4.6000000e+03   2.4500000e+01
   4.7250000e+03   1.1300000e+01
   4.7500000e+03   9.6000000e+00
   4.7750000e+03   8.1000000e+00
   4.8750000e+03   4.4500000e+00
   4.9500000e+03   2.8750000e+00
   5.0750000e+03   1.4250000e+00
   5.1500000e+03   1.0000000e+00
   5.2000000e+03   8.0000000e-01
   5.3500000e+03   4.5000000e-01
   5.5000000e+03   2.7500000e-01
   5.7000000e+03   1.7500000e-01
   6.6000000e+03   5.0000000e-02
   7.0000000e+03   5.0000000e-02
   7.4000000e+03   5.0000000e-02
